1000
V 7 0 1 2 3 4 5 6 
H 7 7 8 9 10 11 12 13 
V 8 14 15 11 16 17 18 19 20 
H 10 21 22 4 23 24 25 26 27 28 29 
H 12 30 31 32 33 34 35 36 37 9 38 39 40 
H 12 41 42 43 44 45 46 47 48 49 50 51 52 
V 10 53 54 55 56 57 58 59 60 61 62 
H 8 63 64 31 65 66 67 68 69 
V 14 70 71 72 67 73 74 75 76 77 78 79 80 81 82 
H 11 83 84 85 86 87 88 89 90 91 92 93 
V 13 94 95 96 97 98 99 100 101 102 103 104 105 106 
H 12 107 108 109 110 111 112 113 114 115 33 116 117 
V 11 118 119 120 121 122 123 124 125 14 126 127 
H 13 128 129 130 131 132 133 134 114 135 136 137 138 139 
H 5 102 140 141 142 132 
V 14 143 144 145 146 147 148 149 17 150 151 152 153 154 155 
H 5 156 157 158 4 159 
H 5 160 27 161 31 162 
V 10 163 164 165 166 167 50 168 169 170 171 
H 13 67 17 172 173 174 175 33 176 177 178 179 180 181 
V 14 121 182 183 184 185 186 187 188 189 190 191 192 193 194 
H 11 195 196 197 50 198 199 200 201 202 75 203 
H 14 93 204 205 206 207 208 209 210 211 212 213 86 214 114 
H 12 215 216 217 218 219 137 220 173 221 222 223 205 
H 8 224 225 226 227 120 228 164 229 
H 10 230 231 232 233 234 235 55 236 237 238 
V 13 239 240 241 242 243 176 244 238 245 22 246 247 248 
V 14 249 97 250 251 252 71 253 254 255 167 256 257 258 259 
H 14 52 9 260 76 216 10 261 262 263 264 265 266 267 106 
H 8 268 269 270 271 272 273 274 275 
V 11 276 277 278 275 279 172 280 281 282 283 284 
V 13 285 286 287 133 288 289 290 173 291 191 292 293 294 
V 11 295 62 97 254 296 297 298 299 300 301 302 
H 5 303 304 305 306 197 
H 12 307 239 189 308 28 309 125 310 42 241 158 311 
H 11 312 51 35 313 314 315 316 188 317 318 319 
V 9 25 282 320 124 321 322 323 324 159 
V 7 135 325 326 327 328 171 329 
H 13 330 144 331 332 333 334 335 336 337 197 338 339 110 
H 9 340 272 341 342 176 343 344 345 189 
V 11 346 210 255 198 55 347 308 348 349 350 351 
H 10 352 353 354 355 268 356 357 241 358 359 
H 5 360 361 362 363 364 
H 5 142 365 366 17 367 
V 13 368 6 296 369 370 371 372 373 374 375 22 376 164 
H 7 102 377 378 107 250 379 380 
V 8 381 382 383 356 384 220 385 386 
V 9 25 387 388 389 211 390 210 391 82 
H 11 392 332 393 394 167 217 17 395 396 397 398 
V 12 399 286 391 400 401 322 206 402 241 403 404 405 
H 13 406 190 407 408 409 410 411 412 413 35 274 414 415 
V 14 212 416 103 366 417 0 38 254 418 125 419 344 371 264 
V 12 420 339 421 51 422 99 423 309 424 83 388 39 
V 5 425 426 427 428 50 
V 5 429 157 430 330 222 
V 8 391 431 432 433 396 253 434 435 
H 4 208 180 436 437 
V 7 331 438 257 82 439 440 441 
V 7 442 443 444 445 446 447 448 
V 8 380 449 450 136 451 60 140 367 
H 9 452 93 453 454 455 172 370 84 456 
V 9 457 458 178 459 413 460 277 461 380 
H 8 0 4 462 463 81 464 465 33 
H 8 466 467 468 239 469 470 373 286 
V 6 471 472 75 473 474 405 
V 9 475 107 476 473 28 477 106 121 478 
V 7 310 212 233 172 210 479 480 
V 13 31 191 166 281 471 481 286 143 11 263 482 483 484 
V 6 485 486 487 366 488 62 
V 6 489 490 110 322 491 198 
H 11 42 112 330 166 492 493 404 399 494 426 315 
V 8 72 383 14 495 344 496 497 498 
V 12 499 148 500 501 502 503 357 181 504 505 257 506 
H 9 79 507 508 159 279 376 509 47 510 
H 6 140 511 512 513 514 515 
H 7 516 35 517 518 519 93 125 
V 9 31 190 520 208 521 495 522 135 523 
H 7 55 335 355 524 82 525 405 
H 14 526 527 473 528 369 514 143 529 530 531 532 34 533 534 
V 5 535 536 537 538 160 
V 11 539 540 541 121 542 49 68 427 543 544 545 
H 12 99 546 254 160 547 380 257 548 549 272 550 13 
V 7 551 332 552 277 553 194 91 
H 14 554 555 556 557 211 121 558 559 378 560 413 561 12 246 
V 5 383 562 227 563 319 
V 7 487 227 564 565 566 34 567 
V 6 464 568 569 570 271 514 
H 13 29 571 462 572 239 514 573 574 475 575 493 180 576 
V 14 356 124 11 28 577 578 579 501 537 217 580 433 581 582 
H 12 93 333 583 229 584 544 585 586 587 22 588 269 
H 12 589 103 574 28 272 246 590 227 563 9 591 592 
V 14 258 593 571 308 594 429 35 595 513 198 210 133 344 596 
H 12 544 191 285 597 598 599 227 309 495 600 135 601 
V 11 230 546 412 311 190 279 602 443 603 604 605 
V 14 87 606 416 607 285 608 609 610 611 583 612 496 613 614 
V 9 615 286 223 22 9 428 616 106 332 
V 9 617 511 144 618 165 322 619 620 621 
V 5 212 622 52 76 313 
H 11 153 328 220 382 399 623 624 437 625 358 626 
V 12 220 283 627 164 120 230 628 31 629 279 630 552 
H 8 512 514 631 399 421 525 78 229 
V 13 197 370 632 458 264 520 633 634 635 636 110 637 638 
V 9 437 86 639 122 313 640 641 642 501 
H 12 470 635 643 644 382 645 646 647 274 648 350 649 
V 5 650 615 651 6 363 
V 13 49 522 652 380 397 42 375 138 653 371 654 427 82 
H 11 655 656 67 410 592 157 358 657 142 658 659 
H 6 660 661 662 428 604 131 
V 14 10 663 664 601 5 665 223 172 666 295 221 667 470 668 
H 14 669 253 388 441 409 511 670 216 671 320 672 229 673 375 
H 6 674 17 675 676 677 678 
H 10 194 679 148 615 575 121 116 238 597 680 
H 6 681 148 222 140 77 682 
H 14 136 683 227 684 685 170 686 687 70 239 688 689 428 690 
V 14 691 17 692 296 335 61 693 288 157 694 695 696 419 172 
V 11 697 26 698 140 159 249 699 551 700 268 701 
V 8 261 135 167 34 702 120 703 704 
V 6 705 520 493 706 68 102 
V 14 83 458 274 91 2 29 707 119 708 53 652 709 176 506 
V 7 231 50 14 710 68 711 712 
H 10 576 76 713 415 482 561 714 715 265 286 
H 7 716 302 717 51 718 600 99 
H 4 248 719 720 367 
V 9 363 721 348 713 206 722 723 724 389 
V 10 725 575 726 727 580 74 55 728 729 730 
H 14 228 113 731 501 31 97 229 523 732 460 733 734 257 238 
V 9 120 735 93 736 678 437 181 487 81 
H 14 298 737 329 190 0 738 574 492 739 192 31 740 258 76 
V 8 391 741 79 22 380 601 557 742 
V 11 743 210 575 85 66 744 745 279 722 635 746 
V 12 197 747 748 222 749 750 751 116 752 753 754 663 
V 7 6 755 121 756 757 335 125 
H 6 758 759 182 46 681 68 
V 12 50 760 46 198 761 467 149 762 523 362 763 548 
V 11 544 764 417 520 690 765 766 386 767 493 397 
H 5 340 768 769 159 770 
H 7 771 366 22 161 99 220 772 
V 12 144 353 384 482 657 773 248 282 560 281 774 452 
V 12 132 121 297 775 776 25 741 523 161 501 715 79 
H 12 475 777 728 222 174 688 116 674 778 388 779 780 
H 8 81 634 382 781 220 116 239 782 
H 5 261 274 144 248 783 
H 9 565 784 516 785 416 786 787 788 789 
V 8 544 790 325 396 616 140 403 791 
V 11 792 30 793 794 405 795 796 460 737 7 429 
H 13 332 797 596 6 798 116 55 799 135 65 16 522 264 
V 10 690 384 39 648 800 107 510 158 236 120 
V 11 148 801 164 277 664 594 802 217 25 222 113 
H 12 803 804 600 470 42 235 805 211 806 807 254 61 
H 13 808 188 809 451 506 460 810 811 812 813 197 341 410 
V 13 814 815 816 239 302 320 748 817 206 580 68 493 404 
V 10 559 818 286 97 113 819 820 144 386 729 
V 5 133 358 70 512 821 
V 13 371 521 311 670 822 652 464 92 373 191 544 823 513 
H 14 824 825 548 223 536 246 503 826 511 797 112 315 236 827 
V 13 809 621 576 699 373 412 263 487 510 414 332 828 475 
V 11 829 274 830 529 831 76 832 97 412 403 833 
V 11 834 367 687 835 836 99 198 837 148 106 838 
V 7 839 383 840 604 841 29 842 
H 10 51 274 328 843 844 120 344 147 221 75 
V 9 845 705 396 302 397 627 846 847 848 
V 7 434 845 498 221 69 521 849 
V 14 612 257 850 851 852 371 492 167 144 211 546 529 853 121 
V 9 106 854 855 520 726 91 826 225 634 
H 6 70 856 857 371 29 395 
V 10 398 122 133 302 767 95 415 858 458 859 
H 12 64 860 263 861 862 707 366 498 863 864 433 72 
H 11 811 865 866 32 867 83 868 869 33 870 871 
V 9 872 17 873 107 302 754 755 259 22 
V 14 874 268 210 875 876 877 869 55 250 220 377 347 778 366 
H 6 313 97 757 878 354 722 
V 9 17 492 384 467 879 210 517 392 49 
V 9 274 880 203 427 881 551 882 685 790 
V 10 597 883 884 819 660 366 412 885 886 49 
H 7 600 101 594 887 76 66 888 
V 6 889 65 501 189 428 311 
H 6 541 262 890 68 371 264 
H 8 891 892 596 77 893 458 175 894 
H 9 503 78 87 895 845 789 286 160 896 
H 14 55 470 386 897 498 686 898 899 398 900 21 544 330 133 
V 5 64 901 902 903 249 
H 13 321 809 408 648 261 904 366 212 905 906 907 210 745 
V 11 908 332 909 370 551 175 79 21 790 670 313 
V 14 211 910 148 911 91 190 331 704 912 913 875 914 329 915 
H 7 916 87 110 555 225 917 280 
V 6 918 110 335 417 919 920 
H 7 635 921 63 922 923 687 732 
H 13 821 125 675 164 108 87 924 248 805 193 616 925 926 
V 11 927 23 11 311 117 221 928 417 929 426 701 
H 10 591 180 404 160 10 467 412 728 74 930 
V 5 931 932 35 583 684 
V 6 887 470 501 933 597 934 
H 5 10 503 935 936 42 
H 8 412 937 551 257 844 153 487 540 
H 5 562 386 212 470 938 
V 13 413 939 940 9 218 190 434 498 55 941 942 604 943 
H 14 944 460 420 373 728 945 95 399 137 819 946 908 70 514 
H 14 947 172 551 948 949 649 740 310 375 950 555 496 453 272 
V 9 49 471 674 951 728 539 258 319 131 
V 10 333 257 501 952 953 954 635 686 4 884 
V 13 322 596 955 221 79 956 328 957 958 583 250 451 959 
H 13 960 359 600 961 194 99 663 962 963 964 965 151 404 
H 11 296 404 966 410 416 670 967 968 310 748 237 
H 9 347 969 970 113 334 68 50 726 197 
V 14 528 369 971 62 341 106 972 973 413 116 541 470 367 35 
H 6 644 953 551 405 521 495 
V 7 121 805 974 133 975 102 277 
V 5 265 890 26 838 660 
H 11 338 976 977 334 161 159 869 978 979 268 325 
H 7 470 71 33 980 377 188 432 
H 5 918 414 641 981 982 
H 13 572 356 809 983 575 984 166 985 110 333 986 875 170 
H 8 660 987 594 988 989 990 991 544 
H 8 992 993 396 4 82 649 994 531 
V 7 95 784 911 525 540 395 654 
V 7 600 377 995 772 6 92 980 
H 13 148 705 347 701 845 91 996 997 698 451 107 415 223 
H 14 164 548 93 31 998 999 3 210 1000 574 25 1001 555 1002 
V 8 138 52 330 1003 167 316 1004 576 
H 14 1005 496 711 478 882 600 982 433 323 314 251 997 258 1006 
H 5 231 302 1007 807 358 
V 5 394 1008 546 86 153 
H 8 1009 1010 216 4 906 557 694 882 
V 8 1011 1012 1013 475 249 364 514 1014 
V 7 559 493 496 584 6 302 514 
H 9 576 544 542 398 523 208 550 414 34 
V 9 371 427 685 398 594 279 1015 655 1016 
V 10 545 67 296 819 1017 267 1018 1019 14 380 
H 12 180 460 64 1020 1021 367 110 1022 432 14 493 1023 
H 9 72 1024 713 375 1025 25 544 102 812 
H 6 843 510 767 1026 121 728 
V 12 510 1027 546 592 78 556 1028 521 1029 552 268 565 
H 9 645 309 1030 1031 429 1032 812 346 573 
H 9 1033 370 235 1034 767 1035 261 572 1036 
V 9 471 60 415 380 1037 1038 982 371 809 
H 6 327 250 43 576 427 143 
V 12 176 149 1039 413 437 1040 1041 311 642 48 147 908 
V 6 93 1042 212 737 191 1043 
V 9 149 1044 594 231 501 133 1045 261 531 
H 7 517 238 357 670 370 176 92 
H 8 148 888 122 905 277 743 1046 1047 
H 14 206 325 414 419 1048 926 426 460 52 1049 1050 60 310 316 
V 14 648 838 1051 131 77 1052 515 37 127 120 686 687 1053 1054 
V 13 272 1019 1055 1056 271 85 254 313 149 662 230 379 166 
V 10 143 1057 338 1058 597 31 715 1059 254 572 
H 10 1060 1061 1062 641 1063 1064 600 235 414 1065 
V 7 86 1066 551 432 1067 315 1068 
H 13 1069 1070 1066 49 596 908 420 773 393 264 574 309 120 
V 7 167 367 42 404 967 157 698 
V 14 43 369 1071 82 701 142 1072 555 1073 552 246 1074 529 385 
V 9 1075 981 1076 1077 285 786 159 1078 135 
H 10 268 644 547 375 413 1079 247 216 14 114 
V 10 536 1080 517 1081 237 1082 429 153 120 296 
V 5 1083 739 711 366 690 
H 13 1084 25 356 1085 819 325 539 1086 467 137 529 907 408 
H 9 49 1087 235 478 186 574 683 26 264 
V 13 249 1088 375 461 1089 1090 166 1091 1079 1092 255 72 655 
V 7 684 212 1018 1093 176 412 263 
H 6 1094 866 918 575 604 1095 
V 11 473 1096 172 1079 335 113 1097 1098 1028 395 135 
H 14 1099 1100 482 135 226 433 384 495 225 32 1101 6 918 413 
H 9 333 236 247 145 249 1102 559 522 149 
V 14 239 92 420 473 451 583 1103 707 470 809 1104 413 235 332 
V 14 1066 309 1105 642 347 273 1106 1107 124 482 1108 175 25 1109 
V 6 767 446 133 1110 1111 288 
H 11 1112 399 285 428 28 32 818 656 315 1113 264 
V 9 414 861 636 310 1114 899 601 93 878 
H 9 742 805 350 621 560 339 212 49 95 
H 5 388 722 11 552 122 
V 7 281 511 371 142 333 1115 1116 
V 12 1117 1118 251 264 344 1079 281 1119 32 1120 601 77 
V 8 1121 1122 221 428 1109 460 1079 32 
H 10 279 103 241 879 75 520 475 437 670 640 
V 10 1056 596 1123 416 92 1124 192 29 471 51 
H 8 1125 591 704 322 1126 0 1077 726 
H 13 475 1127 42 188 375 429 1128 320 239 330 246 265 356 
H 5 1129 363 635 46 1111 
H 13 230 417 1130 529 539 487 456 1131 638 980 149 1132 1133 
H 9 703 1006 258 1134 1135 1136 741 74 439 
H 9 16 55 137 890 290 636 87 160 887 
V 8 1137 434 600 319 98 1138 1139 164 
H 12 180 804 432 65 506 229 592 370 711 546 1140 755 
H 5 559 1141 1045 341 805 
H 8 592 308 383 1079 1142 174 843 249 
H 9 37 819 1143 1144 1145 190 362 1107 308 
V 11 191 1146 640 189 26 443 1147 482 286 1148 283 
H 14 322 523 691 76 143 644 529 255 64 649 470 531 67 37 
H 13 153 371 92 492 875 443 681 745 1149 1150 1151 136 170 
V 9 583 138 711 136 1152 496 157 22 1153 
V 14 369 448 398 953 713 1154 1155 600 147 545 1156 521 1157 1158 
V 10 1159 1127 225 1160 743 830 670 319 511 116 
V 6 27 137 1161 29 458 210 
H 11 11 1162 42 649 77 711 1163 715 1164 1165 1166 
H 6 674 441 236 1167 1168 853 
H 14 1169 1170 1171 38 1015 1172 1173 330 1174 1175 290 274 1176 635 
V 6 105 271 685 165 78 1016 
H 12 1177 366 1178 1179 383 268 1180 1104 198 583 863 741 
V 11 1181 285 147 1182 1183 209 1184 686 1185 335 91 
H 7 223 140 107 8 175 1186 33 
H 9 635 950 10 150 258 122 736 1187 83 
H 13 1119 845 830 588 421 595 97 13 467 583 636 86 363 
H 13 1188 579 1189 1190 72 616 640 487 1191 471 704 103 21 
H 12 262 1069 566 52 1192 969 144 172 1193 433 467 458 
H 7 1194 805 1195 253 249 684 1196 
V 12 168 70 322 575 482 1197 315 1024 663 1154 62 1198 
H 11 864 584 1199 908 451 1200 335 477 208 1201 522 
V 5 728 432 82 1202 1203 
V 12 311 1099 891 525 819 347 789 1204 728 21 1029 957 
H 5 1205 1206 75 1207 781 
H 8 308 1208 1209 279 1125 191 412 1210 
V 6 386 685 100 940 378 1167 
H 9 149 1019 1211 493 1212 1213 383 46 70 
H 7 366 458 1079 501 443 1214 329 
H 12 1215 546 238 249 295 153 85 28 1216 473 496 346 
H 14 272 31 427 39 474 959 241 1217 158 434 1218 103 1219 399 
H 7 990 1028 22 1220 316 1221 394 
H 6 331 160 210 308 835 1213 
H 5 615 1222 1043 1106 812 
V 12 1223 74 615 678 612 1224 1056 1225 253 1226 1086 1227 
H 8 918 1228 1155 1229 231 1230 149 1084 
H 13 1231 642 107 423 313 180 640 257 1232 1233 1234 560 426 
V 11 355 13 475 797 95 197 523 520 1235 1236 395 
V 5 1237 1238 1239 1240 170 
H 6 1241 1242 69 340 153 908 
V 5 350 906 38 705 432 
H 6 1243 482 652 91 279 283 
H 6 1244 867 383 232 745 560 
V 12 206 322 66 78 487 544 516 704 707 414 167 14 
H 9 368 64 138 198 180 516 969 949 1245 
H 13 1084 310 271 102 147 461 679 246 1177 1005 1246 13 419 
V 11 1247 85 510 501 320 596 428 1248 1249 385 496 
V 8 1250 118 366 197 1251 414 675 481 
H 7 531 230 174 1252 981 1028 62 
H 5 268 809 1084 314 107 
H 6 172 265 68 308 14 253 
V 7 39 432 1253 624 172 1254 546 
V 10 325 366 197 1255 121 248 180 1256 429 1257 
V 7 86 404 1258 967 1259 812 6 
V 9 107 1260 17 733 78 1261 642 517 458 
V 14 1196 396 235 154 413 1262 331 76 330 164 980 283 1263 641 
H 6 1264 124 37 108 662 1265 
V 14 1266 544 1267 239 755 338 648 663 1268 1269 1270 510 1271 546 
H 7 391 118 272 819 707 1272 1273 
V 7 997 64 250 426 1274 572 97 
V 14 580 249 99 980 311 371 414 513 290 148 248 1275 1276 1277 
V 11 246 467 805 122 238 206 809 1278 523 1279 1280 
H 7 1281 434 1282 398 1283 412 597 
H 10 125 146 153 623 216 347 102 43 416 271 
H 12 493 1284 805 745 510 1010 1285 197 433 194 27 604 
H 12 1286 523 1287 149 332 1140 353 108 188 512 1288 1289 
V 10 405 1290 415 1291 206 551 55 34 565 1292 
H 6 604 1040 1293 1294 705 388 
H 10 250 687 272 283 384 822 1295 17 1043 525 
V 9 1296 773 1147 652 313 52 1016 391 1297 
H 6 1298 62 1299 1300 356 172 
V 10 1301 800 10 1084 632 4 1007 398 875 726 
H 7 584 68 563 172 1302 686 1087 
H 6 1294 1134 526 501 1043 963 
H 9 315 443 316 1303 1304 410 370 767 75 
V 8 1305 229 762 341 523 516 1306 954 
H 12 165 698 539 1307 391 409 482 1308 961 14 1309 1310 
H 10 230 539 305 1043 241 890 748 1311 1312 685 
H 9 789 1313 1314 1315 391 1316 1317 1318 798 
V 5 371 563 149 722 283 
H 12 686 458 380 1319 641 153 1320 767 1313 55 548 279 
V 10 1129 1321 1322 726 410 316 705 432 28 1323 
V 8 433 920 675 492 1324 190 1325 761 
H 13 10 755 1326 608 144 458 415 1028 554 861 31 1327 511 
V 12 322 1328 81 1329 473 513 683 1256 10 568 140 918 
H 9 961 61 607 222 147 1105 487 480 583 
H 12 221 1330 206 1331 344 191 62 198 1332 1333 223 250 
V 11 113 1334 420 282 675 601 1046 530 92 272 290 
V 14 1335 1336 674 748 496 492 822 704 386 369 843 467 443 253 
V 10 1337 597 1338 1339 467 283 340 302 99 930 
H 6 460 1340 1341 1342 332 551 
V 9 274 380 1343 395 600 1344 1188 548 331 
V 12 1345 1346 1185 1084 1266 34 1347 767 1348 102 908 918 
H 7 434 924 460 790 1349 0 645 
H 7 330 344 1350 1188 39 426 412 
H 6 1351 1352 1301 1194 980 167 
H 7 235 1353 1354 1355 1042 1356 876 
H 13 1357 576 95 1358 1359 1360 75 1361 121 913 525 64 259 
V 10 235 1362 493 458 663 384 1363 672 1364 655 
V 12 91 386 92 51 264 301 1321 1084 35 856 226 583 
V 7 268 1365 165 1366 686 1367 371 
V 8 302 257 1206 686 446 238 1027 91 
V 13 644 150 774 841 247 286 1013 1300 743 66 238 414 10 
H 13 62 230 23 565 1368 161 27 501 1369 1370 30 1371 523 
V 11 635 1372 265 1373 148 67 1374 322 644 140 506 
H 11 346 23 353 283 1023 517 126 1047 1375 980 1376 
V 8 61 1377 1357 698 1378 231 1047 413 
H 10 226 310 190 221 180 1379 1380 52 175 698 
V 14 1265 875 225 1381 654 513 451 344 1382 1383 398 1028 92 175 
H 10 190 523 845 363 34 198 350 239 64 1121 
V 12 522 97 315 1384 1385 428 258 322 1386 197 516 670 
V 6 809 847 716 1387 22 501 
H 9 1388 143 47 230 714 99 38 1389 545 
H 6 149 576 592 698 1390 1391 
V 5 437 1028 64 1392 1393 
V 6 338 79 641 644 415 433 
H 9 713 542 1394 634 236 451 0 1032 1395 
V 13 38 344 309 356 114 248 279 655 1396 249 1397 415 601 
V 13 1003 90 1215 261 546 1288 1398 282 35 548 1399 28 1400 
V 5 1401 103 329 264 47 
H 13 250 261 1185 1352 531 13 1402 789 341 191 1403 74 1404 
V 10 645 282 380 116 1405 190 296 1406 399 478 
H 9 521 1407 78 641 1408 1409 918 67 412 
V 11 1016 612 1185 1410 815 451 91 710 1411 542 175 
V 14 1412 739 221 1019 969 331 572 282 1054 67 576 1413 285 108 
V 14 176 908 508 722 1414 531 229 320 642 38 426 283 546 257 
V 12 61 1415 120 281 600 1220 467 1416 4 373 762 460 
H 12 42 838 545 1417 472 470 1418 165 1116 511 362 1419 
H 7 165 23 1420 642 171 1421 437 
V 13 471 1069 642 160 417 1422 584 363 514 908 887 398 625 
V 11 121 188 908 726 1423 64 416 310 1424 370 566 
V 13 37 283 686 591 511 164 568 555 367 830 1425 258 334 
H 14 1426 1427 230 49 728 1424 1428 1429 64 726 1028 1430 743 1431 
V 6 1432 79 1130 429 92 1056 
V 5 1433 1434 1435 575 429 
V 6 394 421 1436 1437 387 1342 
H 5 122 377 1438 1439 704 
H 9 102 261 501 908 1440 529 97 435 655 
V 12 111 1441 17 1442 635 1272 1082 122 329 1443 227 76 
H 12 918 335 652 42 597 678 980 116 638 369 338 272 
V 12 470 142 395 726 311 1444 1445 6 1446 790 17 192 
H 7 241 212 391 460 23 315 1447 
V 10 1448 975 557 733 1449 1450 322 1451 1452 1453 
V 5 635 288 261 976 954 
V 8 333 709 217 621 28 468 4 1437 
H 12 1393 266 1348 314 1454 474 1455 164 68 1456 1457 232 
H 9 498 687 565 1458 490 1459 1370 809 314 
H 6 1460 1461 1462 875 648 132 
V 7 344 1028 819 644 9 845 426 
H 12 352 1463 241 1464 261 128 42 1465 471 256 381 405 
V 10 505 829 41 89 1466 87 1467 49 433 1468 
H 10 546 1469 429 1002 202 11 1470 296 1235 122 
H 10 86 417 979 420 1209 728 642 1258 514 1471 
V 10 1472 288 72 217 1473 861 222 50 1474 918 
V 13 652 1272 167 993 144 121 122 711 420 310 1406 457 110 
H 8 350 755 493 1475 97 194 1476 470 
H 8 67 23 1477 1478 1479 404 1480 789 
H 6 482 429 272 838 601 1209 
H 9 274 1481 1438 531 670 601 493 473 1482 
V 11 1483 180 1484 175 1485 229 137 1197 1191 1486 273 
V 12 350 325 1440 1056 1487 1488 1042 191 982 70 189 1489 
V 5 35 1198 1115 222 897 
H 8 175 67 270 918 489 22 333 623 
V 13 66 1490 346 1491 428 406 555 1492 70 149 1493 601 1399 
H 5 1494 428 1023 545 1495 
V 5 496 1074 1496 822 94 
H 12 367 1137 745 432 662 1497 254 546 791 657 160 258 
H 12 749 1498 396 704 138 216 116 363 641 412 1499 384 
V 12 1500 27 103 76 521 1501 81 1502 1503 191 1216 572 
H 7 26 1504 86 743 881 748 1505 
V 12 157 159 1506 281 969 106 718 302 366 377 503 136 
V 12 592 235 933 875 220 1507 415 767 150 474 1508 45 
H 11 290 1509 341 1510 148 1104 166 112 1470 263 76 
H 12 1511 1512 310 621 92 634 212 1319 1079 969 511 429 
V 13 1513 1028 370 1514 47 1515 220 853 1516 206 1517 6 176 
V 10 616 1066 487 648 367 1518 829 0 972 986 
H 9 315 496 1519 903 39 1520 319 1521 350 
V 13 953 365 383 660 283 308 641 1522 1043 908 473 265 1523 
H 11 257 66 546 684 1524 91 314 1525 399 386 1001 
H 11 715 513 1526 211 160 131 70 982 429 663 1079 
V 8 1527 87 388 1008 652 328 807 102 
V 9 344 545 1358 349 1528 482 678 747 33 
V 6 334 311 64 75 180 194 
H 12 43 562 283 1529 475 386 1104 1498 397 14 110 161 
H 13 685 845 1530 396 130 982 705 47 237 252 404 1531 724 
V 14 1042 421 91 32 1532 99 657 843 426 380 302 565 314 334 
V 14 380 539 353 42 1533 78 686 180 530 545 1145 39 1344 258 
V 14 87 90 264 14 1534 127 1535 132 1536 71 510 349 1537 1087 
H 14 433 1538 853 249 238 514 987 1043 703 423 1102 578 566 1094 
H 8 55 641 1019 142 961 1137 165 566 
V 10 159 248 670 394 71 1539 22 532 641 283 
V 13 1540 157 399 552 26 830 239 1541 140 835 755 159 644 
V 6 451 1542 1543 600 926 141 
H 5 81 175 197 484 414 
V 9 380 1544 1545 210 91 107 191 498 487 
H 12 414 35 1546 121 1286 741 1177 361 674 124 1547 405 
H 13 194 882 1299 1548 807 802 1526 82 1549 1008 253 523 216 
V 13 1028 320 641 368 164 1550 584 237 1551 55 81 257 32 
V 12 1355 1552 642 75 206 144 286 705 238 1553 575 64 
H 9 112 375 471 311 1554 328 302 511 285 
V 7 845 584 514 1555 493 86 1556 
H 12 1557 882 138 923 1558 175 114 649 238 467 1559 901 
H 7 1146 583 313 615 837 995 1560 
V 7 339 1185 545 100 188 396 159 
H 14 1561 471 615 338 143 908 1562 1563 557 858 1564 131 487 1565 
H 7 1490 135 1566 1567 69 674 1161 
V 11 1200 22 1219 380 1568 333 157 1569 1019 110 367 
H 7 1570 1571 1084 362 934 604 125 
V 9 62 221 290 1164 71 576 829 153 819 
H 5 908 229 167 416 713 
V 12 1185 428 395 194 687 265 580 310 295 1572 575 39 
V 9 688 566 698 42 521 229 415 1573 358 
V 5 645 743 413 319 79 
H 14 161 239 426 1574 728 328 660 767 265 25 1562 1573 340 250 
V 7 261 1238 670 70 368 350 1206 
H 11 1530 65 520 330 1575 819 254 1576 1577 14 238 
H 11 1578 274 137 37 711 232 566 1579 672 67 158 
V 9 27 211 154 1580 9 786 800 591 417 
H 10 140 677 560 394 1286 315 333 1530 576 47 
V 9 545 1581 1582 1583 437 42 72 845 1584 
H 12 395 498 64 1585 1586 1295 1084 1004 120 102 212 128 
H 5 1136 467 1587 262 239 
H 5 68 1233 253 1152 1028 
H 11 520 52 1566 890 1588 1589 565 265 346 809 358 
H 13 542 533 481 367 294 114 1590 641 918 875 615 1309 174 
H 12 74 83 1256 437 335 529 1181 316 1591 172 767 86 
V 7 1498 1592 1593 79 70 511 1362 
V 14 76 1594 1205 309 1595 592 432 110 311 114 1596 33 235 142 
V 5 76 894 743 1597 366 
V 13 503 521 557 26 93 66 247 383 1084 388 338 42 254 
H 8 601 216 779 906 4 750 100 135 
H 6 1598 87 541 767 70 1599 
H 10 32 1600 1601 428 388 38 686 722 25 644 
V 9 38 711 69 1028 1602 635 1422 1603 107 
V 11 1139 1033 1124 67 338 210 71 1369 1604 1605 482 
H 7 1031 192 941 980 250 1606 427 
H 7 458 1607 32 1608 190 551 672 
V 14 1000 1506 331 571 1334 253 1333 1609 520 1340 612 125 721 1465 
V 13 1610 1395 1042 102 980 686 137 69 1585 707 1215 388 1611 
V 5 445 1612 1603 174 1613 
V 13 150 1084 1477 340 941 65 1411 1614 239 1253 77 70 1157 
V 11 150 1615 329 1072 636 635 589 103 370 74 273 
H 9 103 544 392 1465 829 233 683 1413 148 
V 6 74 1616 1617 541 1053 572 
V 10 1213 417 1618 421 62 99 1619 512 188 281 
V 8 232 140 766 11 246 467 853 231 
H 11 713 235 672 1185 1620 1621 97 1622 1066 726 9 
H 6 346 295 121 667 586 157 
H 11 819 313 506 1623 441 1294 809 384 14 1624 1625 
H 10 265 475 1626 1627 552 496 1494 132 113 261 
V 10 901 1019 11 1104 1628 102 701 333 708 1434 
V 7 968 60 463 521 1629 1366 282 
H 8 412 308 62 1630 239 222 131 25 
V 12 1631 836 1632 1633 690 1634 1635 1017 253 1636 47 1637 
H 6 1638 137 367 1639 540 95 
H 12 1640 38 1641 641 1642 918 940 652 1475 13 253 62 
H 7 434 1643 907 123 226 302 1644 
H 12 1645 655 349 842 1646 1358 1647 1637 21 427 110 1319 
V 6 6 264 1122 367 198 1648 
V 14 1080 314 125 933 580 375 338 132 78 512 410 1603 614 441 
V 12 649 1649 1650 542 226 329 11 26 76 1564 726 540 
V 8 1651 887 583 641 767 415 405 1034 
H 14 992 341 1581 261 542 1652 50 68 1653 1654 837 1079 809 1333 
V 10 1158 563 169 906 1655 159 895 1656 805 607 
V 6 135 1657 743 330 1658 938 
H 11 1659 875 1660 893 226 69 320 1332 319 1420 1661 
H 14 315 674 388 164 630 1662 238 1663 767 1455 1185 332 248 31 
H 12 1007 338 713 433 399 416 194 110 563 1123 417 1664 
V 6 1665 1666 663 271 429 350 
V 14 663 254 625 257 31 386 1667 428 344 432 574 388 308 1668 
H 10 1669 711 1670 61 1671 1672 30 635 1673 148 
H 13 1674 93 204 230 441 1463 1440 434 1358 1675 1472 1241 652 
H 6 388 648 310 521 1676 544 
H 14 1618 174 140 83 845 1677 1678 38 153 1679 316 335 930 1652 
V 5 1670 820 555 416 338 
H 13 414 346 172 467 124 498 1680 81 30 870 157 217 349 
H 8 30 705 1681 1258 1682 91 596 4 
H 13 1683 29 1684 42 172 83 1137 230 670 475 1685 1686 112 
V 11 432 103 1556 650 1687 428 1688 147 323 404 416 
V 9 1689 236 1690 521 133 1691 678 1605 97 
V 5 198 1262 362 67 1027 
H 8 555 74 1545 42 1692 113 277 1693 
V 10 1694 333 600 6 190 474 50 1308 160 1105 
H 14 1373 131 114 176 79 222 706 428 220 1695 1696 922 237 216 
V 5 331 140 1425 541 1358 
H 5 382 87 1697 1019 829 
H 10 316 540 194 55 31 1698 1699 426 1700 1542 
V 11 1701 1702 969 596 1027 791 239 1079 64 988 340 
V 11 1703 657 684 728 663 315 11 961 969 1704 33 
V 10 86 1393 153 391 1103 1705 112 201 375 845 
H 7 875 1674 1558 726 542 1171 404 
H 6 330 122 875 257 339 1087 
H 13 377 0 99 4 1378 25 705 588 1706 1447 1707 890 812 
V 8 216 308 238 1708 1709 663 1710 158 
V 5 328 1066 1271 120 600 
V 9 198 636 441 982 175 1711 1079 103 439 
V 8 107 521 367 356 1712 162 1713 592 
V 14 107 362 1714 496 322 1715 310 1716 1717 1124 847 990 140 190 
V 9 186 927 437 297 1079 189 217 246 540 
V 11 72 52 369 584 575 958 1718 399 637 1431 319 
H 10 546 642 1719 437 74 822 97 786 1087 417 
V 9 310 120 83 265 452 687 1295 1338 546 
V 6 634 265 172 592 330 1051 
V 5 685 144 1720 189 1721 
H 14 319 34 551 334 1722 1723 958 511 416 33 149 1724 55 99 
V 6 356 1725 28 167 652 616 
V 9 263 32 1618 641 216 1726 369 1185 1727 
H 8 1728 254 388 847 247 264 398 697 
H 6 142 529 1729 434 1730 1016 
H 8 1731 779 1032 1732 249 180 678 1192 
H 11 741 68 115 514 79 838 426 0 1326 419 122 
V 9 1733 393 279 574 1219 87 395 386 467 
H 9 517 428 1734 216 728 49 114 655 175 
H 9 1143 107 133 1735 396 829 170 197 1736 
V 5 1737 97 222 525 356 
V 8 137 1738 1739 246 882 1663 691 237 
V 5 81 1740 358 310 296 
V 8 1741 308 161 356 1581 21 678 1742 
H 5 1743 231 230 262 268 
V 5 150 33 498 70 413 
H 9 108 663 113 136 1744 683 82 216 266 
H 9 1464 388 686 1745 358 551 861 241 198 
H 13 728 593 818 132 443 136 1485 1746 338 916 843 133 1747 
V 7 809 247 1304 399 953 1748 722 
V 7 1749 1750 386 383 432 287 1751 
V 10 238 107 701 521 520 157 265 437 811 879 
H 10 274 1722 1548 46 458 1679 302 1752 1386 78 
H 7 434 510 576 1753 30 805 1754 
V 11 621 10 268 1755 599 377 1756 809 474 616 426 
H 11 927 622 79 1757 33 451 147 1758 1759 544 353 
H 11 1016 68 78 1689 1760 1144 340 31 1057 1465 262 
V 14 603 1761 432 674 160 434 516 429 1419 1084 11 644 665 1762 
H 12 215 67 93 273 35 961 1530 1329 510 1763 103 1764 
V 13 135 621 1386 674 433 471 919 1104 434 331 404 273 672 
V 6 1765 781 193 1766 132 93 
V 14 191 514 498 254 728 198 32 71 685 560 378 86 743 546 
V 13 980 648 522 410 315 516 217 287 74 1767 38 250 81 
H 6 649 1361 1296 1144 210 672 
V 10 78 398 386 356 875 396 99 503 592 221 
H 13 149 274 1768 377 1769 677 1770 576 596 1771 700 296 1772 
V 10 961 230 383 70 989 358 594 621 1773 417 
V 11 1653 253 1640 1666 957 1774 31 208 612 1775 1776 
H 5 405 125 856 474 1148 
H 11 50 254 310 281 443 1777 1778 726 683 191 262 
V 8 248 1042 1779 236 440 333 28 347 
H 12 1780 375 34 419 711 125 1781 85 441 1782 69 405 
V 7 333 384 369 834 116 819 148 
V 7 642 122 380 229 167 308 1030 
V 7 715 1783 441 471 786 583 167 
V 7 367 79 1234 241 1784 1104 1785 
V 6 1786 309 980 47 1787 366 
V 6 241 333 91 1788 1106 176 
V 7 268 416 848 164 305 482 592 
V 7 1079 308 660 238 1633 114 279 
H 14 106 482 8 1661 415 1789 36 81 686 652 1790 662 610 1791 
H 5 514 771 1792 1137 1793 
H 8 384 572 1083 137 1794 1539 1795 1796 
H 11 542 317 1087 674 30 396 75 527 1515 812 1797 
H 5 1798 1066 1639 273 503 
V 11 1799 1532 220 241 371 322 331 574 705 713 1800 
H 12 142 279 83 308 1801 992 157 191 338 153 91 228 
H 14 1802 382 319 1803 1804 334 161 1805 829 812 106 349 137 188 
H 5 28 495 319 1806 274 
H 6 67 137 612 1214 1137 670 
H 12 1162 474 350 35 1270 391 529 74 144 77 675 690 
H 5 272 828 74 135 346 
H 10 1807 1808 711 1809 230 674 555 22 1810 829 
V 9 1811 1812 1813 1646 421 734 93 1028 182 
H 7 188 47 46 137 830 1185 1814 
V 11 1478 1815 728 414 918 475 1816 509 1817 370 748 
H 13 523 1760 319 1799 1818 375 496 1819 1820 320 1821 264 335 
H 6 49 329 828 786 1822 460 
H 8 1823 649 55 918 1824 707 1654 1825 
V 9 1826 545 405 1827 473 1828 415 592 600 
H 7 596 114 47 1323 11 1829 890 
V 6 405 246 308 366 378 353 
V 7 227 383 265 1565 28 882 1292 
V 14 248 546 180 470 2 416 1634 1104 329 58 998 648 451 1830 
V 11 722 417 144 551 1367 1382 953 508 50 415 399 
H 10 191 220 1831 288 82 512 216 235 14 160 
V 10 216 493 75 592 649 1382 634 81 644 487 
V 13 557 1832 1028 158 1551 1079 1833 1834 1835 1836 384 83 522 
V 7 645 78 1837 74 335 1584 1459 
H 7 330 1029 25 596 383 506 1807 
V 7 433 621 34 60 62 114 1752 
H 9 1838 369 805 1079 250 640 362 1839 1251 
V 13 1373 99 113 1347 560 281 175 1840 920 363 426 83 230 
H 10 49 1454 248 120 1019 598 1841 368 516 824 
H 7 471 1842 414 114 332 1307 280 
V 6 360 1734 22 1843 60 239 
V 12 220 1626 1844 272 1845 1846 1369 1847 1296 1547 137 174 
V 11 1848 686 1849 87 511 331 82 1703 1850 188 1595 
V 7 391 271 384 272 1792 1851 572 
H 12 1852 1853 110 648 122 1854 460 11 70 548 30 861 
H 6 649 843 541 60 206 433 
H 12 320 28 1016 1350 1855 1053 92 838 1856 597 663 1351 
H 7 33 273 1857 230 437 641 495 
V 10 1358 166 313 600 38 83 847 767 395 1858 
H 8 545 729 365 79 1859 313 25 591 
V 6 1860 124 575 377 1496 805 
V 9 391 1087 640 167 135 637 1701 437 679 
V 6 213 1861 344 642 942 1005 
V 13 1862 1090 132 414 1200 1298 1323 319 1863 332 159 1864 247 
H 9 1865 1866 232 513 1867 876 805 295 167 
H 11 1868 544 397 1137 969 918 1579 217 575 191 715 
V 10 1869 870 1530 26 702 663 347 695 373 1252 
H 7 1870 807 1833 1871 557 583 283 
H 5 517 615 1872 596 1173 
H 7 322 714 805 1873 1874 350 566 
H 8 663 649 1018 825 1875 1876 326 1877 
H 5 498 148 1878 604 440 
V 10 1019 426 49 330 296 594 235 213 592 4 
V 5 307 1879 542 1880 258 
V 11 433 157 1881 338 377 591 255 1779 594 1255 575 
V 7 144 42 1808 520 23 433 398 
V 5 103 1882 528 388 845 
V 6 1375 1808 1883 229 161 49 
V 12 160 1884 248 1885 1084 824 559 548 1886 1887 775 527 
H 7 805 391 743 144 1252 475 194 
V 12 1510 555 384 649 728 521 331 1888 1202 1398 291 1375 
H 12 887 246 1889 1749 1656 927 1890 120 55 1594 1368 76 
V 11 82 330 68 1715 229 452 175 125 1067 572 1773 
H 13 1891 1264 1892 432 1185 106 61 1793 784 415 149 1893 132 
H 10 684 399 335 176 394 1894 1153 6 83 223 
H 10 652 947 92 750 1020 332 1895 525 878 1056 
V 8 1896 1897 131 1465 495 784 636 1028 
V 8 1084 611 1898 87 1899 241 819 845 
V 9 1042 744 705 1900 14 375 1019 1728 1742 
H 11 447 386 743 132 426 419 221 1901 616 875 458 
H 7 1902 1202 1154 683 954 417 82 
V 13 1066 973 62 220 1903 260 542 412 139 1904 1455 337 1905 
V 9 544 1906 381 1137 140 217 255 367 669 
V 12 451 575 38 701 1067 657 116 444 478 541 311 1415 
V 7 369 353 529 704 1907 428 404 
H 10 137 433 1908 81 1334 601 356 1909 1910 370 
H 9 1480 826 404 378 137 927 1 268 238 
V 7 1911 377 1912 980 1913 87 192 
V 14 843 740 648 17 1204 1914 363 426 542 197 1435 369 373 656 
H 5 1396 198 644 498 1027 
H 14 13 262 344 492 281 74 748 132 507 254 1118 14 1530 1623 
H 8 208 1915 1916 81 404 663 254 412 
H 14 192 99 1917 543 249 381 102 1028 1880 81 1538 278 272 1918 
V 12 572 159 1585 458 83 272 555 576 1919 81 822 690 
H 8 1920 431 160 79 1431 225 663 451 
H 14 1084 487 529 475 555 1446 370 451 906 64 132 1582 296 968 
H 12 557 261 1921 1027 1922 281 320 192 652 1485 1026 34 
H 6 471 906 75 253 272 210 
V 7 380 1423 683 630 363 1923 1396 
H 14 1924 498 249 1925 592 1926 756 555 910 665 1460 1084 113 545 
H 7 1313 471 330 767 1676 1185 1766 
H 5 1413 74 598 723 93 
V 13 368 281 330 1927 1928 70 451 371 331 339 601 452 592 
H 11 471 1137 331 210 487 110 356 1929 1930 1931 711 
V 10 552 580 513 1141 132 1016 1185 208 77 103 
H 6 1017 333 176 1783 133 1932 
H 13 235 1933 1432 396 149 339 1934 123 322 328 37 1935 1058 
V 13 425 1886 705 1726 520 170 1426 1936 1937 1938 471 396 384 
H 6 576 510 314 4 258 272 
H 7 1939 521 132 417 641 113 572 
H 10 62 14 474 55 279 690 1257 313 1241 510 
V 14 25 551 116 1483 335 241 1940 648 875 258 474 32 1380 1793 
H 14 882 138 232 399 1752 1941 807 412 65 956 358 363 1942 223 
H 13 1943 1944 657 169 29 843 722 652 157 313 790 281 383 
H 6 649 433 150 168 34 404 
H 5 1945 1465 289 1946 1395 
V 5 429 853 492 1947 212 
V 5 555 249 1948 726 743 
V 13 1949 107 1950 508 563 398 1028 315 29 277 160 1549 100 
V 6 786 100 405 574 211 353 
V 9 1082 711 283 1951 164 33 364 333 252 
H 9 498 86 33 97 496 140 537 787 1448 
H 12 1952 372 35 612 180 191 1953 555 225 847 369 510 
H 12 918 236 150 99 877 648 980 953 678 698 1477 1765 
H 12 645 405 746 687 232 1642 395 1954 1955 744 642 358 
V 9 618 332 395 362 809 510 621 1006 391 
V 8 395 1956 381 92 1043 11 467 338 
V 11 1957 250 1958 980 286 1959 99 542 511 822 812 
H 14 250 375 121 212 801 114 1148 822 1019 674 1960 226 1507 224 
V 6 230 189 861 363 478 943 
V 10 807 711 1961 325 267 239 434 1308 113 377 
H 6 1611 1902 1079 258 616 194 
V 12 277 4 224 1399 78 350 426 575 566 601 576 1598 
H 5 953 319 1012 229 999 
H 6 1430 1051 222 1962 135 32 
H 12 1963 65 1780 544 572 555 1964 371 116 1019 6 1476 
V 9 268 1140 1965 274 238 705 1022 6 302 
V 12 539 1726 470 313 384 320 125 670 382 241 231 1966 
H 14 1705 1570 1967 641 927 552 91 847 1968 358 596 1969 886 545 
H 6 1970 1922 217 550 1185 350 
V 7 812 1971 257 1972 1262 363 412 
V 9 121 575 413 874 222 474 591 292 1973 
H 13 211 482 1974 1044 1975 601 1465 208 1591 114 397 35 1674 
H 8 1221 1976 1977 1454 49 412 1196 331 
H 12 1563 427 452 687 603 398 927 805 470 65 188 1978 
H 7 583 230 662 531 37 1979 539 
H 14 1427 217 94 405 1755 1418 396 415 43 220 1958 807 580 33 
H 5 1980 371 675 47 1981 
V 7 924 87 1819 86 790 1982 1983 
V 6 1744 1893 670 1984 890 100 
V 5 1292 1346 701 1653 21 
H 5 221 582 319 496 50 
H 7 755 165 635 600 367 1985 212 
H 9 332 432 255 954 634 452 1574 555 176 
H 8 192 501 157 966 596 1019 390 1986 
V 6 645 1987 377 164 474 1804 
V 8 732 1622 320 220 368 1739 248 32 
H 7 789 132 1583 274 868 807 1988 
H 7 302 608 592 847 819 232 961 
H 12 10 501 391 198 43 891 1989 1475 1990 231 995 1165 
V 7 358 674 1991 68 902 632 113 
V 11 1992 1990 111 652 1678 102 644 378 67 1861 49 
V 14 1056 78 368 841 1079 197 452 670 1651 649 107 503 229 1993 
V 14 338 1994 1995 1530 394 508 180 138 1554 1996 279 239 221 139 
V 14 381 1930 46 311 1997 82 92 1874 1998 1232 283 210 474 1354 
V 5 1870 1999 212 1058 822 
H 13 743 83 174 241 285 1107 982 2000 32 59 881 1467 288 
V 12 572 159 116 2001 108 2002 274 38 227 2003 367 510 
V 11 1666 102 1755 675 47 163 430 382 701 160 17 
H 14 368 222 86 1544 809 339 1480 28 263 872 122 344 460 674 
H 12 175 138 501 1079 120 641 520 194 820 92 206 586 
H 8 373 83 363 719 853 640 35 2004 
V 10 918 875 2005 845 498 2006 707 451 1019 1593 
V 7 1340 713 206 1873 335 313 405 
H 7 140 5 21 404 226 542 644 
V 12 311 544 493 460 47 335 2007 159 172 268 887 133 
H 7 705 114 1042 2008 405 2009 1843 
V 9 13 478 100 467 502 789 725 330 2010 
H 8 369 406 2011 2012 17 143 377 2013 
H 10 34 706 308 261 157 188 927 474 397 711 
V 13 157 690 954 2014 229 502 268 524 897 493 103 375 795 
V 14 236 2015 649 149 1430 705 41 25 512 194 784 79 490 1942 
H 9 46 358 875 467 1104 1084 1604 475 398 
V 8 313 120 2016 2017 28 353 286 980 
V 13 417 110 399 601 655 93 122 520 50 254 1782 529 918 
V 9 112 545 452 715 91 728 350 660 334 
H 7 961 92 597 64 11 1216 1979 
H 10 670 441 491 47 954 110 229 648 212 478 
H 9 542 980 741 2018 436 616 28 384 329 
H 7 281 565 877 417 1606 2019 2020 
H 7 1127 315 39 110 286 2021 32 
V 7 311 1547 1955 106 412 451 302 
V 11 672 1046 67 474 2022 2023 669 743 380 413 268 
H 7 229 1500 686 339 525 197 908 
H 8 250 552 208 363 421 519 1568 644 
V 7 132 711 391 591 1346 872 6 
H 6 363 279 466 158 246 620 
H 12 560 419 394 79 474 485 170 596 237 1938 542 402 
H 10 652 25 319 346 368 414 1989 887 344 174 
V 12 120 1724 513 2024 697 398 117 437 253 540 133 520 
V 11 2025 38 1501 166 1019 652 35 344 805 2026 1544 
V 9 471 518 1593 819 2027 399 1530 332 386 
V 11 757 460 103 175 370 1056 596 28 53 522 2028 
H 14 610 649 906 1185 398 1504 149 980 320 414 1197 1191 525 2029 
V 14 1462 38 332 2030 596 313 247 197 113 975 106 59 934 1656 
V 9 206 874 255 70 106 79 383 1304 1562 
H 8 140 220 789 286 332 1043 1676 302 
V 13 2031 508 2032 962 428 172 249 78 43 370 601 684 2033 
V 11 1234 648 520 2034 2035 315 335 222 11 296 143 
H 7 1850 274 434 2036 1208 2037 79 
H 6 311 2038 369 281 2039 743 
H 10 1438 506 1027 133 2021 1828 1362 286 1122 642 
H 10 296 1389 420 458 829 419 2040 476 576 395 
V 13 416 1150 2041 790 555 99 474 1589 834 106 170 809 1348 
V 14 170 136 1583 296 35 1525 642 159 421 396 755 113 175 2042 
H 6 600 2043 576 121 1143 1360 
H 8 167 2044 50 262 455 663 514 55 
H 8 541 188 1775 356 159 847 38 221 
H 8 311 167 657 1934 420 255 660 338 
H 9 22 979 1526 325 82 93 286 546 144 
V 11 81 38 257 308 159 600 813 468 1590 1204 2045 
H 6 498 2046 1918 277 1351 2047 
H 12 501 1573 237 559 264 153 107 235 1358 1555 1902 367 
V 13 512 612 1987 1084 2048 230 1467 188 482 235 340 2049 334 
V 10 882 416 584 2050 545 1324 980 43 197 388 
V 12 340 394 657 634 358 6 328 322 514 805 784 176 
H 5 198 1264 167 103 350 
H 11 554 2051 1253 329 273 164 559 75 47 50 624 
V 14 1237 76 611 308 14 51 767 501 1488 498 283 455 2052 190 
V 11 248 715 1016 755 190 349 1949 745 815 705 71 
H 9 1639 1633 1962 264 861 645 1116 119 663 
H 12 954 72 830 330 1422 1133 2053 396 1635 1001 670 250 
H 9 640 432 320 2054 250 1099 523 1816 2055 
V 10 452 47 133 144 11 718 75 1990 1079 66 
H 13 122 551 32 683 1409 279 198 1962 180 295 309 2056 396 
V 7 998 50 315 92 951 511 1704 
H 7 4 830 1489 748 726 906 1815 
H 10 1766 82 1109 295 1738 1655 2057 288 1445 1651 
V 8 1742 2058 2059 474 843 263 113 40 
V 11 2060 853 262 253 645 1565 9 496 286 17 373 
V 13 904 10 1160 112 1185 220 87 205 2061 2062 458 6 649 
H 7 369 395 1641 2063 319 350 192 
H 8 540 712 496 2064 1167 743 395 615 
V 9 341 2065 102 120 954 947 2066 176 913 
H 13 1881 593 2004 48 541 384 14 612 545 2067 2068 32 27 
H 10 279 2069 33 93 546 246 235 892 583 1828 
V 10 583 563 85 2070 767 460 2071 1125 545 745 
H 12 400 331 1555 34 114 1896 514 819 349 246 1388 31 
V 12 1176 1931 250 437 273 37 176 136 1185 634 434 2072 
V 8 1713 216 529 508 268 836 313 1579 
V 6 106 2073 847 386 642 2074 
V 6 74 319 853 522 1955 559 
V 13 288 2075 790 831 125 648 2076 190 322 1816 370 539 82 
H 9 520 1409 2077 383 652 92 377 337 969 
H 12 81 2078 157 663 551 1622 1489 711 1244 437 375 1872 
H 10 144 164 660 112 1108 743 61 1428 595 784 
H 13 482 1474 22 331 496 784 1836 908 210 76 194 78 592 
H 14 1358 2079 188 416 384 229 898 2080 1270 1108 352 369 270 1235 
V 11 832 217 875 329 2081 867 478 559 2082 2083 1100 
V 5 125 1465 890 384 254 
H 7 436 347 2084 125 474 97 370 
V 14 845 786 158 125 482 485 2085 216 75 743 67 1654 272 329 
H 7 580 122 1019 254 2086 325 317 
H 11 194 17 487 176 253 1841 509 106 1185 81 754 
V 7 281 225 206 282 34 545 418 
V 6 604 221 887 212 369 290 
H 12 575 370 159 2087 188 265 698 366 953 369 238 496 
H 11 2088 166 1590 261 853 429 1022 1888 886 2089 2090 
V 6 2091 2092 212 686 1515 635 
V 5 2093 2094 523 747 560 
V 11 845 315 495 2058 87 1354 2067 1036 1704 386 83 
V 6 2095 295 50 1890 410 383 
H 11 247 160 909 131 2096 356 572 133 2097 470 2098 
H 9 711 2099 332 601 1805 566 1678 395 1465 
H 11 635 216 1933 2100 492 102 191 715 338 202 381 
H 8 225 1737 819 310 635 1064 221 386 
V 6 220 1169 25 1804 2101 444 
V 7 93 674 2102 241 793 197 1760 
V 8 493 93 135 557 296 748 2000 2103 
V 12 1790 108 982 116 1246 281 1347 60 268 175 413 414 
H 13 661 517 2104 542 1090 642 313 206 652 590 415 2004 1663 
H 6 13 2105 908 545 579 2106 
V 11 356 271 283 790 684 2087 2107 475 642 82 1185 
V 5 487 363 320 23 927 
H 7 264 1066 451 825 2108 366 2063 
V 8 258 217 261 87 880 508 413 278 
V 8 578 237 290 68 421 2109 514 2110 
V 10 339 1432 1339 150 133 1792 487 2111 158 2109 
H 10 113 329 28 580 705 114 511 1776 467 106 
H 9 458 320 434 198 1176 34 819 1876 258 
H 12 153 265 194 388 789 521 2112 662 512 2113 908 470 
H 13 2114 137 478 333 707 226 249 711 22 972 1380 908 1087 
H 8 382 986 809 529 475 766 148 1394 
H 11 1155 140 2115 331 12 67 85 135 498 1729 2116 
V 8 861 1033 4 212 217 1867 838 74 
V 7 2117 381 728 475 1019 662 756 
V 13 255 31 2118 601 2119 1754 11 263 25 116 2120 333 1819 
V 9 206 217 329 678 246 596 508 83 838 
H 8 507 43 510 701 548 726 2005 356 
V 12 954 1027 296 1689 662 510 594 2121 265 1326 221 591 
H 8 584 575 686 2122 2043 786 596 344 
V 8 253 108 10 529 2123 122 153 1985 
H 9 217 1028 148 1145 471 1934 395 2124 563 
H 11 286 206 1045 1905 705 416 164 176 194 649 2125 
V 11 415 1525 190 845 686 253 2126 482 335 726 282 
H 6 2054 148 984 1150 674 741 
H 13 1904 2127 51 1465 1930 555 918 103 106 684 416 1737 46 
V 6 987 42 493 2128 95 97 
V 6 49 767 1439 383 672 222 
H 13 1358 378 64 2129 1084 2130 719 902 864 110 1561 971 923 
V 10 61 1951 424 576 475 1194 1353 640 459 460 
H 10 906 153 1019 782 215 204 944 378 704 768 
V 5 516 705 583 644 320 
V 6 2131 125 635 283 1162 471 
V 11 470 10 223 30 398 331 396 523 1036 648 254 
H 5 1283 286 1284 413 45 
V 9 890 1271 2132 381 10 380 68 2133 66 
H 13 949 635 1539 2134 1103 1043 210 260 221 576 1135 592 2135 
H 11 417 2136 572 75 772 316 113 194 31 125 523 
V 10 69 1473 206 349 124 690 1879 75 395 2137 
V 11 2138 2000 1136 1449 1435 1767 271 314 189 222 961 
H 13 434 307 1180 2087 51 2139 2140 1584 329 520 880 1546 62 
H 6 709 433 258 1545 47 95 
V 12 1711 246 845 399 1104 2141 47 311 85 153 380 942 
V 9 50 190 636 338 1530 1403 279 377 672 
V 9 2142 521 375 657 838 232 1439 1785 1100 
H 5 87 683 2143 908 310 
V 13 371 358 85 868 217 216 17 540 432 2144 498 222 1707 
V 7 451 132 685 217 1237 82 1129 
H 14 2145 675 2146 222 655 315 2147 2148 378 137 429 350 86 523 
H 12 60 35 33 2149 805 1418 69 63 1199 386 1717 296 
H 13 1077 514 388 531 398 167 49 1530 2150 861 675 358 965 
V 9 1048 966 375 551 135 1470 432 47 257 
H 6 22 743 2072 1474 188 2018 
V 9 437 358 257 148 1186 114 285 429 542 
V 6 248 1426 2151 34 235 75 
H 14 420 249 1602 1997 172 506 132 86 241 662 1130 10 38 840 
H 10 1807 2152 341 741 1087 246 1655 78 21 257 
H 5 523 103 644 381 510 
H 12 2029 1908 419 429 388 2077 1932 1050 17 329 246 2153 
V 10 108 34 76 417 511 636 144 728 296 86 
V 6 362 250 23 377 2154 508 
H 8 565 141 636 295 319 1028 487 133 
H 6 667 1084 1305 807 1066 1210 
V 12 726 366 1829 383 4 1589 510 805 77 363 1322 845 
H 9 1027 135 1228 1403 644 1056 1016 396 2155 
V 6 529 371 62 326 1185 264 
V 5 64 980 2156 310 290 
V 7 1357 1867 506 462 551 903 296 
V 13 32 160 1358 275 243 56 397 726 74 875 320 335 248 
H 7 2157 458 524 1499 349 188 1299 
V 11 320 493 265 1811 281 91 644 1985 1042 503 1805 
V 5 274 382 86 893 1550 
H 11 78 434 1631 1900 1640 1137 97 1389 413 391 2158 
H 10 2159 649 2062 437 1832 106 583 1670 475 413 
V 12 10 1318 1677 1013 1019 1009 70 1551 391 674 261 1951 
H 5 1722 803 521 344 288 
V 8 100 377 390 953 2160 474 887 1566 
V 13 1366 116 2161 784 160 361 443 397 434 311 27 982 482 
H 11 293 27 281 784 253 674 563 404 363 517 1087 
V 13 2162 819 6 264 542 241 1695 551 916 544 511 76 1932 
H 13 71 2134 2044 2163 261 153 258 742 101 487 65 896 248 
V 14 391 62 116 356 33 258 164 2164 472 405 370 415 882 410 
V 9 1767 176 1255 333 786 745 4 220 2002 
H 8 670 149 1365 2109 830 426 511 10 
H 10 871 1306 329 10 2165 674 2108 416 822 830 
V 5 404 19 741 1027 495 
